epoch:0 0.0139  0.0402  0.0043  0.0000  0.0056  0.0184  0.0020  0.0240  0.0724  0.0000  0.0426  0.0904  2.1742  0.010000
epoch:1 0.0334  0.0894  0.0122  0.0086  0.0135  0.0451  0.0066  0.0498  0.1257  0.0083  0.0677  0.1567  1.7432  0.010000
epoch:2 0.0682  0.1556  0.0440  0.0172  0.0414  0.0834  0.0116  0.0824  0.2167  0.0167  0.1493  0.2511  1.4147  0.010000
epoch:3 0.0874  0.1920  0.0616  0.0000  0.0511  0.1061  0.0111  0.0860  0.2324  0.0000  0.1572  0.2694  1.2274  0.003300
epoch:4 0.0940  0.2029  0.0737  0.0000  0.0634  0.1110  0.0136  0.0944  0.2473  0.0000  0.1778  0.2818  1.1091  0.003300
epoch:5 0.1077  0.2242  0.0893  0.0000  0.0695  0.1295  0.0154  0.1019  0.2489  0.0000  0.1839  0.2840  1.0767  0.003300
epoch:6 0.1092  0.2263  0.0879  0.0000  0.0704  0.1299  0.0147  0.1016  0.2526  0.0000  0.1776  0.2920  0.9925  0.001089
epoch:7 0.1092  0.2269  0.0871  0.0000  0.0709  0.1304  0.0158  0.0985  0.2544  0.0000  0.1802  0.2933  0.9781  0.001089
epoch:8 0.1111  0.2302  0.0923  0.0000  0.0726  0.1325  0.0156  0.1039  0.2613  0.0000  0.1950  0.2990  0.9746  0.001089
epoch:9 0.1076  0.2256  0.0908  0.0000  0.0721  0.1275  0.0145  0.1020  0.2541  0.0000  0.1912  0.2899  0.9685  0.000359
epoch:10 0.1086  0.2250  0.0876  0.0000  0.0718  0.1294  0.0147  0.1014  0.2505  0.0000  0.1831  0.2873  0.9593  0.000359
epoch:11 0.1106  0.2279  0.0920  0.0000  0.0760  0.1295  0.0155  0.1024  0.2627  0.0000  0.1992  0.2986  0.9377  0.000359
epoch:12 0.1071  0.2232  0.0858  0.0000  0.0725  0.1264  0.0145  0.1020  0.2490  0.0000  0.1860  0.2833  0.9522  0.000119
epoch:13 0.1093  0.2262  0.0884  0.0000  0.0722  0.1294  0.0150  0.1019  0.2530  0.0000  0.1902  0.2876  0.9513  0.000119
epoch:14 0.1128  0.2318  0.0931  0.0000  0.0755  0.1331  0.0146  0.1028  0.2623  0.0000  0.1979  0.2987  0.9291  0.000119
